(kicad_pcb (version 20171130) (host pcbnew 5.1.4-e60b266~84~ubuntu18.04.1)

  (general
    (thickness 0.6)
    (drawings 7)
    (tracks 184)
    (zones 0)
    (modules 26)
    (nets 75)
  )

  (page A4)
  (layers
    (0 F.Cu signal)
    (31 B.Cu signal)
    (32 B.Adhes user)
    (33 F.Adhes user)
    (34 B.Paste user)
    (35 F.Paste user)
    (36 B.SilkS user)
    (37 F.SilkS user)
    (38 B.Mask user)
    (39 F.Mask user)
    (40 Dwgs.User user)
    (41 Cmts.User user)
    (42 Eco1.User user)
    (43 Eco2.User user)
    (44 Edge.Cuts user)
    (45 Margin user)
    (46 B.CrtYd user)
    (47 F.CrtYd user)
    (48 B.Fab user)
    (49 F.Fab user)
  )

  (setup
    (last_trace_width 0.127)
    (trace_clearance 0.127)
    (zone_clearance 0.254)
    (zone_45_only yes)
    (trace_min 0.127)
    (via_size 0.6)
    (via_drill 0.3)
    (via_min_size 0.6)
    (via_min_drill 0.3)
    (user_via 0.6 0.3)
    (uvia_size 0.3)
    (uvia_drill 0.1)
    (uvias_allowed no)
    (uvia_min_size 0.2)
    (uvia_min_drill 0.1)
    (edge_width 0.05)
    (segment_width 0.2)
    (pcb_text_width 0.3)
    (pcb_text_size 1.5 1.5)
    (mod_edge_width 0.12)
    (mod_text_size 1 1)
    (mod_text_width 0.15)
    (pad_size 1.524 1.524)
    (pad_drill 0.762)
    (pad_to_mask_clearance 0.051)
    (solder_mask_min_width 0.25)
    (aux_axis_origin 0 0)
    (grid_origin 112.8 74.75)
    (visible_elements FFFFFFFF)
    (pcbplotparams
      (layerselection 0x010fc_ffffffff)
      (usegerberextensions false)
      (usegerberattributes false)
      (usegerberadvancedattributes false)
      (creategerberjobfile false)
      (excludeedgelayer true)
      (linewidth 0.100000)
      (plotframeref false)
      (viasonmask false)
      (mode 1)
      (useauxorigin false)
      (hpglpennumber 1)
      (hpglpenspeed 20)
      (hpglpendiameter 15.000000)
      (psnegative false)
      (psa4output false)
      (plotreference true)
      (plotvalue true)
      (plotinvisibletext false)
      (padsonsilk false)
      (subtractmaskfromsilk false)
      (outputformat 1)
      (mirror false)
      (drillshape 1)
      (scaleselection 1)
      (outputdirectory ""))
  )

  (net 0 "")
  (net 1 +3V3)
  (net 2 "Net-(U1-Pad62)")
  (net 3 "Net-(U1-Pad61)")
  (net 4 "Net-(R2-Pad1)")
  (net 5 "Net-(U1-Pad59)")
  (net 6 "Net-(U1-Pad58)")
  (net 7 "Net-(U1-Pad57)")
  (net 8 "Net-(U1-Pad56)")
  (net 9 "Net-(U1-Pad55)")
  (net 10 "Net-(U1-Pad54)")
  (net 11 "Net-(U1-Pad53)")
  (net 12 "Net-(U1-Pad52)")
  (net 13 "Net-(U1-Pad51)")
  (net 14 "Net-(U1-Pad50)")
  (net 15 "Net-(U1-Pad49)")
  (net 16 "Net-(U1-Pad46)")
  (net 17 "Net-(U1-Pad43)")
  (net 18 "Net-(U1-Pad42)")
  (net 19 "Net-(U1-Pad41)")
  (net 20 "Net-(U1-Pad40)")
  (net 21 "Net-(U1-Pad39)")
  (net 22 "Net-(U1-Pad38)")
  (net 23 "Net-(U1-Pad37)")
  (net 24 "Net-(U1-Pad36)")
  (net 25 "Net-(U1-Pad35)")
  (net 26 "Net-(U1-Pad34)")
  (net 27 "Net-(U1-Pad33)")
  (net 28 "Net-(U1-Pad30)")
  (net 29 "Net-(U1-Pad29)")
  (net 30 "Net-(U1-Pad28)")
  (net 31 "Net-(U1-Pad27)")
  (net 32 "Net-(U1-Pad26)")
  (net 33 "Net-(U1-Pad25)")
  (net 34 "Net-(U1-Pad24)")
  (net 35 "Net-(U1-Pad23)")
  (net 36 "Net-(U1-Pad22)")
  (net 37 "Net-(U1-Pad21)")
  (net 38 "Net-(U1-Pad20)")
  (net 39 "Net-(U1-Pad17)")
  (net 40 "Net-(U1-Pad16)")
  (net 41 "Net-(U1-Pad15)")
  (net 42 "Net-(U1-Pad14)")
  (net 43 "Net-(U1-Pad11)")
  (net 44 "Net-(U1-Pad10)")
  (net 45 "Net-(U1-Pad9)")
  (net 46 "Net-(U1-Pad8)")
  (net 47 "Net-(C12-Pad1)")
  (net 48 "Net-(U1-Pad6)")
  (net 49 "Net-(U1-Pad5)")
  (net 50 "Net-(U1-Pad4)")
  (net 51 "Net-(U1-Pad3)")
  (net 52 "Net-(U1-Pad2)")
  (net 53 "Net-(U1-Pad1)")
  (net 54 GND)
  (net 55 "Net-(C13-Pad1)")
  (net 56 USB_VBUS)
  (net 57 "Net-(X1-PadB11)")
  (net 58 "Net-(X1-PadB10)")
  (net 59 "Net-(X1-PadB8)")
  (net 60 USB_D-)
  (net 61 USB_D+)
  (net 62 "Net-(X1-PadB3)")
  (net 63 "Net-(X1-PadB2)")
  (net 64 "Net-(X1-PadA2)")
  (net 65 "Net-(X1-PadA3)")
  (net 66 "Net-(X1-PadA8)")
  (net 67 "Net-(X1-PadA10)")
  (net 68 "Net-(X1-PadA11)")
  (net 69 VCC1)
  (net 70 VCC2)
  (net 71 VCC3)
  (net 72 VCC4)
  (net 73 VDDA)
  (net 74 USB_CC)

  (net_class Default "This is the default net class."
    (clearance 0.127)
    (trace_width 0.127)
    (via_dia 0.6)
    (via_drill 0.3)
    (uvia_dia 0.3)
    (uvia_drill 0.1)
    (diff_pair_width 0.2)
    (diff_pair_gap 0.127)
    (add_net GND)
    (add_net "Net-(C12-Pad1)")
    (add_net "Net-(C13-Pad1)")
    (add_net "Net-(R2-Pad1)")
    (add_net "Net-(U1-Pad1)")
    (add_net "Net-(U1-Pad10)")
    (add_net "Net-(U1-Pad11)")
    (add_net "Net-(U1-Pad14)")
    (add_net "Net-(U1-Pad15)")
    (add_net "Net-(U1-Pad16)")
    (add_net "Net-(U1-Pad17)")
    (add_net "Net-(U1-Pad2)")
    (add_net "Net-(U1-Pad20)")
    (add_net "Net-(U1-Pad21)")
    (add_net "Net-(U1-Pad22)")
    (add_net "Net-(U1-Pad23)")
    (add_net "Net-(U1-Pad24)")
    (add_net "Net-(U1-Pad25)")
    (add_net "Net-(U1-Pad26)")
    (add_net "Net-(U1-Pad27)")
    (add_net "Net-(U1-Pad28)")
    (add_net "Net-(U1-Pad29)")
    (add_net "Net-(U1-Pad3)")
    (add_net "Net-(U1-Pad30)")
    (add_net "Net-(U1-Pad33)")
    (add_net "Net-(U1-Pad34)")
    (add_net "Net-(U1-Pad35)")
    (add_net "Net-(U1-Pad36)")
    (add_net "Net-(U1-Pad37)")
    (add_net "Net-(U1-Pad38)")
    (add_net "Net-(U1-Pad39)")
    (add_net "Net-(U1-Pad4)")
    (add_net "Net-(U1-Pad40)")
    (add_net "Net-(U1-Pad41)")
    (add_net "Net-(U1-Pad42)")
    (add_net "Net-(U1-Pad43)")
    (add_net "Net-(U1-Pad46)")
    (add_net "Net-(U1-Pad49)")
    (add_net "Net-(U1-Pad5)")
    (add_net "Net-(U1-Pad50)")
    (add_net "Net-(U1-Pad51)")
    (add_net "Net-(U1-Pad52)")
    (add_net "Net-(U1-Pad53)")
    (add_net "Net-(U1-Pad54)")
    (add_net "Net-(U1-Pad55)")
    (add_net "Net-(U1-Pad56)")
    (add_net "Net-(U1-Pad57)")
    (add_net "Net-(U1-Pad58)")
    (add_net "Net-(U1-Pad59)")
    (add_net "Net-(U1-Pad6)")
    (add_net "Net-(U1-Pad61)")
    (add_net "Net-(U1-Pad62)")
    (add_net "Net-(U1-Pad8)")
    (add_net "Net-(U1-Pad9)")
    (add_net "Net-(X1-PadA10)")
    (add_net "Net-(X1-PadA11)")
    (add_net "Net-(X1-PadA2)")
    (add_net "Net-(X1-PadA3)")
    (add_net "Net-(X1-PadA8)")
    (add_net "Net-(X1-PadB10)")
    (add_net "Net-(X1-PadB11)")
    (add_net "Net-(X1-PadB2)")
    (add_net "Net-(X1-PadB3)")
    (add_net "Net-(X1-PadB8)")
    (add_net USB_CC)
  )

  (net_class Power ""
    (clearance 0.127)
    (trace_width 0.254)
    (via_dia 0.6)
    (via_drill 0.3)
    (uvia_dia 0.3)
    (uvia_drill 0.1)
    (diff_pair_width 0.2)
    (diff_pair_gap 0.127)
    (add_net +3V3)
    (add_net USB_VBUS)
    (add_net VCC1)
    (add_net VCC2)
    (add_net VCC3)
    (add_net VCC4)
    (add_net VDDA)
  )

  (net_class USB ""
    (clearance 0.127)
    (trace_width 0.127)
    (via_dia 0.6)
    (via_drill 0.3)
    (uvia_dia 0.3)
    (uvia_drill 0.1)
    (diff_pair_width 0.2)
    (diff_pair_gap 0.127)
    (add_net USB_D+)
    (add_net USB_D-)
  )

  (module PCB-USB-C:PCB-USB-C (layer F.Cu) (tedit 5D568CE3) (tstamp 5D55794B)
    (at 127.8 74.75)
    (path /5D5552A5)
    (attr smd)
    (fp_text reference X1 (at 0 7.62) (layer F.SilkS) hide
      (effects (font (size 1 0.9) (thickness 0.05)))
    )
    (fp_text value VAL** (at 0 10.16) (layer F.SilkS) hide
      (effects (font (size 1 0.9) (thickness 0.05)))
    )
    (fp_arc (start 4.615 4.45) (end 5.885 4.45) (angle 180) (layer Edge.Cuts) (width 0.1))
    (fp_arc (start -4.615 4.45) (end -3.345 4.45) (angle 180) (layer Edge.Cuts) (width 0.1))
    (fp_line (start 5.885 0.2) (end 5.885 4.45) (layer Edge.Cuts) (width 0.1))
    (fp_arc (start 6.085 0.2) (end 5.885 0.2) (angle 90) (layer Edge.Cuts) (width 0.1))
    (fp_line (start 8 0) (end 6.085 0) (layer Edge.Cuts) (width 0.1))
    (fp_line (start -5.885 0.2) (end -5.885 4.45) (layer Edge.Cuts) (width 0.1))
    (fp_arc (start -6.085 0.2) (end -5.885 0.2) (angle -90) (layer Edge.Cuts) (width 0.1))
    (fp_line (start -8 0) (end -6.085 0) (layer Edge.Cuts) (width 0.1))
    (fp_line (start -3.345 2.75) (end -3.345 4.45) (layer Edge.Cuts) (width 0.1))
    (fp_line (start 3.345 2.75) (end 3.345 4.45) (layer Edge.Cuts) (width 0.1))
    (fp_line (start 3.045 0) (end 3.345 0.75) (layer Edge.Cuts) (width 0.1))
    (fp_arc (start 3.345 1.5) (end 3.345 1.25) (angle -90) (layer Edge.Cuts) (width 0.1))
    (fp_arc (start 3.345 2.5) (end 3.345 2.75) (angle 90) (layer Edge.Cuts) (width 0.1))
    (fp_line (start 3.095 1.5) (end 3.095 2.5) (layer Edge.Cuts) (width 0.1))
    (fp_arc (start -3.345 1.5) (end -3.345 1.25) (angle 90) (layer Edge.Cuts) (width 0.1))
    (fp_arc (start -3.345 2.5) (end -3.345 2.75) (angle -90) (layer Edge.Cuts) (width 0.1))
    (fp_line (start -3.095 1.5) (end -3.095 2.5) (layer Edge.Cuts) (width 0.1))
    (fp_line (start -3.045 0) (end -3.345 0.75) (layer Edge.Cuts) (width 0.1))
    (fp_line (start 3.345 0.75) (end 3.345 1.25) (layer Edge.Cuts) (width 0.1))
    (fp_line (start -3.345 0.75) (end -3.345 1.25) (layer Edge.Cuts) (width 0.1))
    (fp_line (start -3.045 0) (end 3.045 0) (layer Edge.Cuts) (width 0.1))
    (pad B11 smd rect (at 2.25 2.7 90) (size 3.5 0.25) (layers B.Cu B.Mask)
      (net 57 "Net-(X1-PadB11)"))
    (pad B10 smd rect (at 1.75 2.7 90) (size 3.5 0.25) (layers B.Cu B.Mask)
      (net 58 "Net-(X1-PadB10)"))
    (pad B8 smd rect (at 0.75 2.7 90) (size 3.5 0.25) (layers B.Cu B.Mask)
      (net 59 "Net-(X1-PadB8)"))
    (pad B7 smd rect (at 0.25 2.7 90) (size 3.5 0.25) (layers B.Cu B.Mask)
      (net 60 USB_D-))
    (pad B6 smd rect (at -0.25 2.7 90) (size 3.5 0.25) (layers B.Cu B.Mask)
      (net 61 USB_D+))
    (pad B5 smd rect (at -0.75 2.7 90) (size 3.5 0.25) (layers B.Cu B.Mask)
      (net 74 USB_CC))
    (pad B3 smd rect (at -1.75 2.7 90) (size 3.5 0.25) (layers B.Cu B.Mask)
      (net 62 "Net-(X1-PadB3)"))
    (pad B2 smd rect (at -2.25 2.7 90) (size 3.5 0.25) (layers B.Cu B.Mask)
      (net 63 "Net-(X1-PadB2)"))
    (pad B12 smd rect (at 2.75 2.45 90) (size 4 0.25) (layers B.Cu B.Mask)
      (net 54 GND))
    (pad B9 smd rect (at 1.25 2.45 90) (size 4 0.25) (layers B.Cu B.Mask)
      (net 56 USB_VBUS))
    (pad B4 smd rect (at -1.25 2.45 90) (size 4 0.25) (layers B.Cu B.Mask)
      (net 56 USB_VBUS))
    (pad B1 smd rect (at -2.75 2.45 90) (size 4 0.25) (layers B.Cu B.Mask)
      (net 54 GND))
    (pad A1 smd rect (at 2.75 2.45 90) (size 4 0.25) (layers F.Cu F.Mask)
      (net 54 GND))
    (pad A4 smd rect (at 1.25 2.45 90) (size 4 0.25) (layers F.Cu F.Mask)
      (net 56 USB_VBUS))
    (pad A9 smd rect (at -1.25 2.45 90) (size 4 0.25) (layers F.Cu F.Mask)
      (net 56 USB_VBUS))
    (pad A12 smd rect (at -2.75 2.45 90) (size 4 0.25) (layers F.Cu F.Mask)
      (net 54 GND))
    (pad A2 smd rect (at 2.25 2.7 90) (size 3.5 0.25) (layers F.Cu F.Mask)
      (net 64 "Net-(X1-PadA2)"))
    (pad A3 smd rect (at 1.75 2.7 90) (size 3.5 0.25) (layers F.Cu F.Mask)
      (net 65 "Net-(X1-PadA3)"))
    (pad A5 smd rect (at 0.75 2.7 90) (size 3.5 0.25) (layers F.Cu F.Mask)
      (net 74 USB_CC))
    (pad A6 smd rect (at 0.25 2.7 90) (size 3.5 0.25) (layers F.Cu F.Mask)
      (net 61 USB_D+))
    (pad A7 smd rect (at -0.25 2.7 90) (size 3.5 0.25) (layers F.Cu F.Mask)
      (net 60 USB_D-))
    (pad A8 smd rect (at -0.75 2.7 90) (size 3.5 0.25) (layers F.Cu F.Mask)
      (net 66 "Net-(X1-PadA8)"))
    (pad A10 smd rect (at -1.75 2.7 90) (size 3.5 0.25) (layers F.Cu F.Mask)
      (net 67 "Net-(X1-PadA10)"))
    (pad A11 smd rect (at -2.25 2.7 90) (size 3.5 0.25) (layers F.Cu F.Mask)
      (net 68 "Net-(X1-PadA11)"))
  )

  (module NetTie:NetTie-2_SMD_Pad0.5mm (layer B.Cu) (tedit 5A1CF6D3) (tstamp 5D56F3D7)
    (at 127.625 97.775 225)
    (descr "Net tie, 2 pin, 0.5mm square SMD pads")
    (tags "net tie")
    (path /5D5C1DF6)
    (attr virtual)
    (fp_text reference NT5 (at 0 1.2 45) (layer B.SilkS) hide
      (effects (font (size 1 1) (thickness 0.15)) (justify mirror))
    )
    (fp_text value Net-Tie_2 (at 0 -1.2 45) (layer B.Fab) hide
      (effects (font (size 1 1) (thickness 0.15)) (justify mirror))
    )
    (fp_line (start -1 0.5) (end -1 -0.5) (layer B.CrtYd) (width 0.05))
    (fp_line (start -1 -0.5) (end 1 -0.5) (layer B.CrtYd) (width 0.05))
    (fp_line (start 1 -0.5) (end 1 0.5) (layer B.CrtYd) (width 0.05))
    (fp_line (start 1 0.5) (end -1 0.5) (layer B.CrtYd) (width 0.05))
    (fp_poly (pts (xy -0.5 0.25) (xy 0.5 0.25) (xy 0.5 -0.25) (xy -0.5 -0.25)) (layer B.Cu) (width 0))
    (pad 2 smd circle (at 0.5 0 225) (size 0.5 0.5) (layers B.Cu)
      (net 71 VCC3))
    (pad 1 smd circle (at -0.5 0 225) (size 0.5 0.5) (layers B.Cu)
      (net 1 +3V3))
  )

  (module NetTie:NetTie-2_SMD_Pad0.5mm (layer B.Cu) (tedit 5A1CF6D3) (tstamp 5D56F3CC)
    (at 122.35 92.075 135)
    (descr "Net tie, 2 pin, 0.5mm square SMD pads")
    (tags "net tie")
    (path /5D5C0B8B)
    (attr virtual)
    (fp_text reference NT4 (at 0 1.2 -45) (layer B.SilkS) hide
      (effects (font (size 1 1) (thickness 0.15)) (justify mirror))
    )
    (fp_text value Net-Tie_2 (at 0 -1.2 -45) (layer B.Fab) hide
      (effects (font (size 1 1) (thickness 0.15)) (justify mirror))
    )
    (fp_line (start -1 0.5) (end -1 -0.5) (layer B.CrtYd) (width 0.05))
    (fp_line (start -1 -0.5) (end 1 -0.5) (layer B.CrtYd) (width 0.05))
    (fp_line (start 1 -0.5) (end 1 0.5) (layer B.CrtYd) (width 0.05))
    (fp_line (start 1 0.5) (end -1 0.5) (layer B.CrtYd) (width 0.05))
    (fp_poly (pts (xy -0.5 0.25) (xy 0.5 0.25) (xy 0.5 -0.25) (xy -0.5 -0.25)) (layer B.Cu) (width 0))
    (pad 2 smd circle (at 0.5 0 135) (size 0.5 0.5) (layers B.Cu)
      (net 70 VCC2))
    (pad 1 smd circle (at -0.5 0 135) (size 0.5 0.5) (layers B.Cu)
      (net 1 +3V3))
  )

  (module NetTie:NetTie-2_SMD_Pad0.5mm (layer B.Cu) (tedit 5A1CF6D3) (tstamp 5D56F3C1)
    (at 126.925 87.45 135)
    (descr "Net tie, 2 pin, 0.5mm square SMD pads")
    (tags "net tie")
    (path /5D5AA771)
    (attr virtual)
    (fp_text reference NT3 (at 0 1.2 315) (layer B.SilkS) hide
      (effects (font (size 1 1) (thickness 0.15)) (justify mirror))
    )
    (fp_text value Net-Tie_2 (at 0 -1.2 315) (layer B.Fab) hide
      (effects (font (size 1 1) (thickness 0.15)) (justify mirror))
    )
    (fp_line (start -1 0.5) (end -1 -0.5) (layer B.CrtYd) (width 0.05))
    (fp_line (start -1 -0.5) (end 1 -0.5) (layer B.CrtYd) (width 0.05))
    (fp_line (start 1 -0.5) (end 1 0.5) (layer B.CrtYd) (width 0.05))
    (fp_line (start 1 0.5) (end -1 0.5) (layer B.CrtYd) (width 0.05))
    (fp_poly (pts (xy -0.5 0.25) (xy 0.5 0.25) (xy 0.5 -0.25) (xy -0.5 -0.25)) (layer B.Cu) (width 0))
    (pad 2 smd circle (at 0.5 0 135) (size 0.5 0.5) (layers B.Cu)
      (net 69 VCC1))
    (pad 1 smd circle (at -0.5 0 135) (size 0.5 0.5) (layers B.Cu)
      (net 1 +3V3))
  )

  (module NetTie:NetTie-2_SMD_Pad0.5mm (layer B.Cu) (tedit 5A1CF6D3) (tstamp 5D56F3B6)
    (at 129.2 87.675 45)
    (descr "Net tie, 2 pin, 0.5mm square SMD pads")
    (tags "net tie")
    (path /5D5C471F)
    (attr virtual)
    (fp_text reference NT2 (at 0 1.2 225) (layer B.SilkS) hide
      (effects (font (size 1 1) (thickness 0.15)) (justify mirror))
    )
    (fp_text value Net-Tie_2 (at 0 -1.2 225) (layer B.Fab) hide
      (effects (font (size 1 1) (thickness 0.15)) (justify mirror))
    )
    (fp_line (start -1 0.5) (end -1 -0.5) (layer B.CrtYd) (width 0.05))
    (fp_line (start -1 -0.5) (end 1 -0.5) (layer B.CrtYd) (width 0.05))
    (fp_line (start 1 -0.5) (end 1 0.5) (layer B.CrtYd) (width 0.05))
    (fp_line (start 1 0.5) (end -1 0.5) (layer B.CrtYd) (width 0.05))
    (fp_poly (pts (xy -0.5 0.25) (xy 0.5 0.25) (xy 0.5 -0.25) (xy -0.5 -0.25)) (layer B.Cu) (width 0))
    (pad 2 smd circle (at 0.5 0 45) (size 0.5 0.5) (layers B.Cu)
      (net 73 VDDA))
    (pad 1 smd circle (at -0.5 0 45) (size 0.5 0.5) (layers B.Cu)
      (net 1 +3V3))
  )

  (module NetTie:NetTie-2_SMD_Pad0.5mm (layer B.Cu) (tedit 5A1CF6D3) (tstamp 5D56F3AB)
    (at 133.375 92.5 315)
    (descr "Net tie, 2 pin, 0.5mm square SMD pads")
    (tags "net tie")
    (path /5D5C3443)
    (attr virtual)
    (fp_text reference NT1 (at 0 1.2 135) (layer B.SilkS) hide
      (effects (font (size 1 1) (thickness 0.15)) (justify mirror))
    )
    (fp_text value Net-Tie_2 (at 0 -1.2 135) (layer B.Fab) hide
      (effects (font (size 1 1) (thickness 0.15)) (justify mirror))
    )
    (fp_line (start -1 0.5) (end -1 -0.5) (layer B.CrtYd) (width 0.05))
    (fp_line (start -1 -0.5) (end 1 -0.5) (layer B.CrtYd) (width 0.05))
    (fp_line (start 1 -0.5) (end 1 0.5) (layer B.CrtYd) (width 0.05))
    (fp_line (start 1 0.5) (end -1 0.5) (layer B.CrtYd) (width 0.05))
    (fp_poly (pts (xy -0.5 0.25) (xy 0.5 0.25) (xy 0.5 -0.25) (xy -0.5 -0.25)) (layer B.Cu) (width 0))
    (pad 2 smd circle (at 0.5 0 315) (size 0.5 0.5) (layers B.Cu)
      (net 72 VCC4))
    (pad 1 smd circle (at -0.5 0 315) (size 0.5 0.5) (layers B.Cu)
      (net 1 +3V3))
  )

  (module Resistor_SMD:R_0603_1608Metric (layer F.Cu) (tedit 5B301BBD) (tstamp 5D56C5AA)
    (at 132.675 81.675)
    (descr "Resistor SMD 0603 (1608 Metric), square (rectangular) end terminal, IPC_7351 nominal, (Body size source: http://www.tortai-tech.com/upload/download/2011102023233369053.pdf), generated with kicad-footprint-generator")
    (tags resistor)
    (path /5D65D2D7)
    (attr smd)
    (fp_text reference R4 (at 2.625 -0.025) (layer F.SilkS)
      (effects (font (size 1 1) (thickness 0.15)))
    )
    (fp_text value 5.1K (at -3.225 -0.025) (layer F.Fab)
      (effects (font (size 1 1) (thickness 0.15)))
    )
    (fp_text user %R (at 0 0) (layer F.Fab)
      (effects (font (size 0.4 0.4) (thickness 0.06)))
    )
    (fp_line (start 1.48 0.73) (end -1.48 0.73) (layer F.CrtYd) (width 0.05))
    (fp_line (start 1.48 -0.73) (end 1.48 0.73) (layer F.CrtYd) (width 0.05))
    (fp_line (start -1.48 -0.73) (end 1.48 -0.73) (layer F.CrtYd) (width 0.05))
    (fp_line (start -1.48 0.73) (end -1.48 -0.73) (layer F.CrtYd) (width 0.05))
    (fp_line (start -0.162779 0.51) (end 0.162779 0.51) (layer F.SilkS) (width 0.12))
    (fp_line (start -0.162779 -0.51) (end 0.162779 -0.51) (layer F.SilkS) (width 0.12))
    (fp_line (start 0.8 0.4) (end -0.8 0.4) (layer F.Fab) (width 0.1))
    (fp_line (start 0.8 -0.4) (end 0.8 0.4) (layer F.Fab) (width 0.1))
    (fp_line (start -0.8 -0.4) (end 0.8 -0.4) (layer F.Fab) (width 0.1))
    (fp_line (start -0.8 0.4) (end -0.8 -0.4) (layer F.Fab) (width 0.1))
    (pad 2 smd roundrect (at 0.7875 0) (size 0.875 0.95) (layers F.Cu F.Paste F.Mask) (roundrect_rratio 0.25)
      (net 54 GND))
    (pad 1 smd roundrect (at -0.7875 0) (size 0.875 0.95) (layers F.Cu F.Paste F.Mask) (roundrect_rratio 0.25)
      (net 74 USB_CC))
    (model ${KISYS3DMOD}/Resistor_SMD.3dshapes/R_0603_1608Metric.wrl
      (at (xyz 0 0 0))
      (scale (xyz 1 1 1))
      (rotate (xyz 0 0 0))
    )
  )

  (module Package_TO_SOT_SMD:SOT-23-5 (layer B.Cu) (tedit 5A02FF57) (tstamp 5D5682D5)
    (at 118.375 82.075 180)
    (descr "5-pin SOT23 package")
    (tags SOT-23-5)
    (path /5D56FC29)
    (attr smd)
    (fp_text reference U2 (at 0 -2.725) (layer B.SilkS)
      (effects (font (size 1 1) (thickness 0.15)) (justify mirror))
    )
    (fp_text value MIC5219-3.3YM5 (at 0.075 4.95) (layer B.Fab)
      (effects (font (size 1 1) (thickness 0.15)) (justify mirror))
    )
    (fp_line (start 0.9 1.55) (end 0.9 -1.55) (layer B.Fab) (width 0.1))
    (fp_line (start 0.9 -1.55) (end -0.9 -1.55) (layer B.Fab) (width 0.1))
    (fp_line (start -0.9 0.9) (end -0.9 -1.55) (layer B.Fab) (width 0.1))
    (fp_line (start 0.9 1.55) (end -0.25 1.55) (layer B.Fab) (width 0.1))
    (fp_line (start -0.9 0.9) (end -0.25 1.55) (layer B.Fab) (width 0.1))
    (fp_line (start -1.9 -1.8) (end -1.9 1.8) (layer B.CrtYd) (width 0.05))
    (fp_line (start 1.9 -1.8) (end -1.9 -1.8) (layer B.CrtYd) (width 0.05))
    (fp_line (start 1.9 1.8) (end 1.9 -1.8) (layer B.CrtYd) (width 0.05))
    (fp_line (start -1.9 1.8) (end 1.9 1.8) (layer B.CrtYd) (width 0.05))
    (fp_line (start 0.9 1.61) (end -1.55 1.61) (layer B.SilkS) (width 0.12))
    (fp_line (start -0.9 -1.61) (end 0.9 -1.61) (layer B.SilkS) (width 0.12))
    (fp_text user %R (at 0 0 270) (layer B.Fab)
      (effects (font (size 0.5 0.5) (thickness 0.075)) (justify mirror))
    )
    (pad 5 smd rect (at 1.1 0.95 180) (size 1.06 0.65) (layers B.Cu B.Paste B.Mask)
      (net 1 +3V3))
    (pad 4 smd rect (at 1.1 -0.95 180) (size 1.06 0.65) (layers B.Cu B.Paste B.Mask)
      (net 55 "Net-(C13-Pad1)"))
    (pad 3 smd rect (at -1.1 -0.95 180) (size 1.06 0.65) (layers B.Cu B.Paste B.Mask)
      (net 56 USB_VBUS))
    (pad 2 smd rect (at -1.1 0 180) (size 1.06 0.65) (layers B.Cu B.Paste B.Mask)
      (net 54 GND))
    (pad 1 smd rect (at -1.1 0.95 180) (size 1.06 0.65) (layers B.Cu B.Paste B.Mask)
      (net 56 USB_VBUS))
    (model ${KISYS3DMOD}/Package_TO_SOT_SMD.3dshapes/SOT-23-5.wrl
      (at (xyz 0 0 0))
      (scale (xyz 1 1 1))
      (rotate (xyz 0 0 0))
    )
  )

  (module Resistor_SMD:R_0603_1608Metric (layer F.Cu) (tedit 5B301BBD) (tstamp 5D55AB84)
    (at 132.675 83.25)
    (descr "Resistor SMD 0603 (1608 Metric), square (rectangular) end terminal, IPC_7351 nominal, (Body size source: http://www.tortai-tech.com/upload/download/2011102023233369053.pdf), generated with kicad-footprint-generator")
    (tags resistor)
    (path /5D5D2FC5)
    (attr smd)
    (fp_text reference R3 (at 2.625 0 180) (layer F.SilkS)
      (effects (font (size 1 1) (thickness 0.15)))
    )
    (fp_text value 1.5K (at -3.275 0.075 180) (layer F.Fab)
      (effects (font (size 1 1) (thickness 0.15)))
    )
    (fp_text user %R (at 0 0 180) (layer F.Fab)
      (effects (font (size 0.4 0.4) (thickness 0.06)))
    )
    (fp_line (start 1.48 0.73) (end -1.48 0.73) (layer F.CrtYd) (width 0.05))
    (fp_line (start 1.48 -0.73) (end 1.48 0.73) (layer F.CrtYd) (width 0.05))
    (fp_line (start -1.48 -0.73) (end 1.48 -0.73) (layer F.CrtYd) (width 0.05))
    (fp_line (start -1.48 0.73) (end -1.48 -0.73) (layer F.CrtYd) (width 0.05))
    (fp_line (start -0.162779 0.51) (end 0.162779 0.51) (layer F.SilkS) (width 0.12))
    (fp_line (start -0.162779 -0.51) (end 0.162779 -0.51) (layer F.SilkS) (width 0.12))
    (fp_line (start 0.8 0.4) (end -0.8 0.4) (layer F.Fab) (width 0.1))
    (fp_line (start 0.8 -0.4) (end 0.8 0.4) (layer F.Fab) (width 0.1))
    (fp_line (start -0.8 -0.4) (end 0.8 -0.4) (layer F.Fab) (width 0.1))
    (fp_line (start -0.8 0.4) (end -0.8 -0.4) (layer F.Fab) (width 0.1))
    (pad 2 smd roundrect (at 0.7875 0) (size 0.875 0.95) (layers F.Cu F.Paste F.Mask) (roundrect_rratio 0.25)
      (net 73 VDDA))
    (pad 1 smd roundrect (at -0.7875 0) (size 0.875 0.95) (layers F.Cu F.Paste F.Mask) (roundrect_rratio 0.25)
      (net 61 USB_D+))
    (model ${KISYS3DMOD}/Resistor_SMD.3dshapes/R_0603_1608Metric.wrl
      (at (xyz 0 0 0))
      (scale (xyz 1 1 1))
      (rotate (xyz 0 0 0))
    )
  )

  (module Resistor_SMD:R_0603_1608Metric (layer F.Cu) (tedit 5B301BBD) (tstamp 5D56640C)
    (at 137.25 99.1 315)
    (descr "Resistor SMD 0603 (1608 Metric), square (rectangular) end terminal, IPC_7351 nominal, (Body size source: http://www.tortai-tech.com/upload/download/2011102023233369053.pdf), generated with kicad-footprint-generator")
    (tags resistor)
    (path /5D5AC304)
    (attr smd)
    (fp_text reference R2 (at 2.633973 -0.053033 135) (layer F.SilkS)
      (effects (font (size 1 1) (thickness 0.15)))
    )
    (fp_text value 10K (at 0 1.43 135) (layer F.Fab)
      (effects (font (size 1 1) (thickness 0.15)))
    )
    (fp_text user %R (at 0 0 135) (layer F.Fab)
      (effects (font (size 0.4 0.4) (thickness 0.06)))
    )
    (fp_line (start 1.48 0.73) (end -1.48 0.73) (layer F.CrtYd) (width 0.05))
    (fp_line (start 1.48 -0.73) (end 1.48 0.73) (layer F.CrtYd) (width 0.05))
    (fp_line (start -1.48 -0.73) (end 1.48 -0.73) (layer F.CrtYd) (width 0.05))
    (fp_line (start -1.48 0.73) (end -1.48 -0.73) (layer F.CrtYd) (width 0.05))
    (fp_line (start -0.162779 0.51) (end 0.162779 0.51) (layer F.SilkS) (width 0.12))
    (fp_line (start -0.162779 -0.51) (end 0.162779 -0.51) (layer F.SilkS) (width 0.12))
    (fp_line (start 0.8 0.4) (end -0.8 0.4) (layer F.Fab) (width 0.1))
    (fp_line (start 0.8 -0.4) (end 0.8 0.4) (layer F.Fab) (width 0.1))
    (fp_line (start -0.8 -0.4) (end 0.8 -0.4) (layer F.Fab) (width 0.1))
    (fp_line (start -0.8 0.4) (end -0.8 -0.4) (layer F.Fab) (width 0.1))
    (pad 2 smd roundrect (at 0.7875 0 315) (size 0.875 0.95) (layers F.Cu F.Paste F.Mask) (roundrect_rratio 0.25)
      (net 54 GND))
    (pad 1 smd roundrect (at -0.7875 0 315) (size 0.875 0.95) (layers F.Cu F.Paste F.Mask) (roundrect_rratio 0.25)
      (net 4 "Net-(R2-Pad1)"))
    (model ${KISYS3DMOD}/Resistor_SMD.3dshapes/R_0603_1608Metric.wrl
      (at (xyz 0 0 0))
      (scale (xyz 1 1 1))
      (rotate (xyz 0 0 0))
    )
  )

  (module Resistor_SMD:R_0603_1608Metric (layer B.Cu) (tedit 5B301BBD) (tstamp 5D55891B)
    (at 128.525 92.7 315)
    (descr "Resistor SMD 0603 (1608 Metric), square (rectangular) end terminal, IPC_7351 nominal, (Body size source: http://www.tortai-tech.com/upload/download/2011102023233369053.pdf), generated with kicad-footprint-generator")
    (tags resistor)
    (path /5D5A92EF)
    (attr smd)
    (fp_text reference R1 (at -2.600001 -0.075 135) (layer B.SilkS)
      (effects (font (size 1 1) (thickness 0.15)) (justify mirror))
    )
    (fp_text value 10K (at 3.058237 0.017678 135) (layer B.Fab)
      (effects (font (size 1 1) (thickness 0.15)) (justify mirror))
    )
    (fp_text user %R (at 0 0 135) (layer B.Fab)
      (effects (font (size 0.4 0.4) (thickness 0.06)) (justify mirror))
    )
    (fp_line (start 1.48 -0.73) (end -1.48 -0.73) (layer B.CrtYd) (width 0.05))
    (fp_line (start 1.48 0.73) (end 1.48 -0.73) (layer B.CrtYd) (width 0.05))
    (fp_line (start -1.48 0.73) (end 1.48 0.73) (layer B.CrtYd) (width 0.05))
    (fp_line (start -1.48 -0.73) (end -1.48 0.73) (layer B.CrtYd) (width 0.05))
    (fp_line (start -0.162779 -0.51) (end 0.162779 -0.51) (layer B.SilkS) (width 0.12))
    (fp_line (start -0.162779 0.51) (end 0.162779 0.51) (layer B.SilkS) (width 0.12))
    (fp_line (start 0.8 -0.4) (end -0.8 -0.4) (layer B.Fab) (width 0.1))
    (fp_line (start 0.8 0.4) (end 0.8 -0.4) (layer B.Fab) (width 0.1))
    (fp_line (start -0.8 0.4) (end 0.8 0.4) (layer B.Fab) (width 0.1))
    (fp_line (start -0.8 -0.4) (end -0.8 0.4) (layer B.Fab) (width 0.1))
    (pad 2 smd roundrect (at 0.7875 0 315) (size 0.875 0.95) (layers B.Cu B.Paste B.Mask) (roundrect_rratio 0.25)
      (net 1 +3V3))
    (pad 1 smd roundrect (at -0.7875 0 315) (size 0.875 0.95) (layers B.Cu B.Paste B.Mask) (roundrect_rratio 0.25)
      (net 47 "Net-(C12-Pad1)"))
    (model ${KISYS3DMOD}/Resistor_SMD.3dshapes/R_0603_1608Metric.wrl
      (at (xyz 0 0 0))
      (scale (xyz 1 1 1))
      (rotate (xyz 0 0 0))
    )
  )

  (module Capacitor_SMD:C_0603_1608Metric (layer B.Cu) (tedit 5B301BBE) (tstamp 5D55890A)
    (at 118.075 84.65)
    (descr "Capacitor SMD 0603 (1608 Metric), square (rectangular) end terminal, IPC_7351 nominal, (Body size source: http://www.tortai-tech.com/upload/download/2011102023233369053.pdf), generated with kicad-footprint-generator")
    (tags capacitor)
    (path /5D563172)
    (attr smd)
    (fp_text reference C13 (at -3.075 0.075 180) (layer B.SilkS)
      (effects (font (size 1 1) (thickness 0.15)) (justify mirror))
    )
    (fp_text value 470pF (at 4.05 -0.025 180) (layer B.Fab)
      (effects (font (size 1 1) (thickness 0.15)) (justify mirror))
    )
    (fp_text user %R (at 0 0 180) (layer B.Fab)
      (effects (font (size 0.4 0.4) (thickness 0.06)) (justify mirror))
    )
    (fp_line (start 1.48 -0.73) (end -1.48 -0.73) (layer B.CrtYd) (width 0.05))
    (fp_line (start 1.48 0.73) (end 1.48 -0.73) (layer B.CrtYd) (width 0.05))
    (fp_line (start -1.48 0.73) (end 1.48 0.73) (layer B.CrtYd) (width 0.05))
    (fp_line (start -1.48 -0.73) (end -1.48 0.73) (layer B.CrtYd) (width 0.05))
    (fp_line (start -0.162779 -0.51) (end 0.162779 -0.51) (layer B.SilkS) (width 0.12))
    (fp_line (start -0.162779 0.51) (end 0.162779 0.51) (layer B.SilkS) (width 0.12))
    (fp_line (start 0.8 -0.4) (end -0.8 -0.4) (layer B.Fab) (width 0.1))
    (fp_line (start 0.8 0.4) (end 0.8 -0.4) (layer B.Fab) (width 0.1))
    (fp_line (start -0.8 0.4) (end 0.8 0.4) (layer B.Fab) (width 0.1))
    (fp_line (start -0.8 -0.4) (end -0.8 0.4) (layer B.Fab) (width 0.1))
    (pad 2 smd roundrect (at 0.7875 0) (size 0.875 0.95) (layers B.Cu B.Paste B.Mask) (roundrect_rratio 0.25)
      (net 54 GND))
    (pad 1 smd roundrect (at -0.7875 0) (size 0.875 0.95) (layers B.Cu B.Paste B.Mask) (roundrect_rratio 0.25)
      (net 55 "Net-(C13-Pad1)"))
    (model ${KISYS3DMOD}/Capacitor_SMD.3dshapes/C_0603_1608Metric.wrl
      (at (xyz 0 0 0))
      (scale (xyz 1 1 1))
      (rotate (xyz 0 0 0))
    )
  )

  (module Capacitor_SMD:C_0603_1608Metric (layer B.Cu) (tedit 5B301BBE) (tstamp 5D5588F9)
    (at 129.65 91.5 315)
    (descr "Capacitor SMD 0603 (1608 Metric), square (rectangular) end terminal, IPC_7351 nominal, (Body size source: http://www.tortai-tech.com/upload/download/2011102023233369053.pdf), generated with kicad-footprint-generator")
    (tags capacitor)
    (path /5D5A383C)
    (attr smd)
    (fp_text reference C12 (at -2.952171 0.123744 315) (layer B.SilkS)
      (effects (font (size 1 1) (thickness 0.15)) (justify mirror))
    )
    (fp_text value 100nF (at 0 -1.43 315) (layer B.Fab)
      (effects (font (size 1 1) (thickness 0.15)) (justify mirror))
    )
    (fp_text user %R (at 0 0 315) (layer B.Fab)
      (effects (font (size 0.4 0.4) (thickness 0.06)) (justify mirror))
    )
    (fp_line (start 1.48 -0.73) (end -1.48 -0.73) (layer B.CrtYd) (width 0.05))
    (fp_line (start 1.48 0.73) (end 1.48 -0.73) (layer B.CrtYd) (width 0.05))
    (fp_line (start -1.48 0.73) (end 1.48 0.73) (layer B.CrtYd) (width 0.05))
    (fp_line (start -1.48 -0.73) (end -1.48 0.73) (layer B.CrtYd) (width 0.05))
    (fp_line (start -0.162779 -0.51) (end 0.162779 -0.51) (layer B.SilkS) (width 0.12))
    (fp_line (start -0.162779 0.51) (end 0.162779 0.51) (layer B.SilkS) (width 0.12))
    (fp_line (start 0.8 -0.4) (end -0.8 -0.4) (layer B.Fab) (width 0.1))
    (fp_line (start 0.8 0.4) (end 0.8 -0.4) (layer B.Fab) (width 0.1))
    (fp_line (start -0.8 0.4) (end 0.8 0.4) (layer B.Fab) (width 0.1))
    (fp_line (start -0.8 -0.4) (end -0.8 0.4) (layer B.Fab) (width 0.1))
    (pad 2 smd roundrect (at 0.7875 0 315) (size 0.875 0.95) (layers B.Cu B.Paste B.Mask) (roundrect_rratio 0.25)
      (net 54 GND))
    (pad 1 smd roundrect (at -0.7875 0 315) (size 0.875 0.95) (layers B.Cu B.Paste B.Mask) (roundrect_rratio 0.25)
      (net 47 "Net-(C12-Pad1)"))
    (model ${KISYS3DMOD}/Capacitor_SMD.3dshapes/C_0603_1608Metric.wrl
      (at (xyz 0 0 0))
      (scale (xyz 1 1 1))
      (rotate (xyz 0 0 0))
    )
  )

  (module Capacitor_SMD:C_0603_1608Metric (layer B.Cu) (tedit 5B301BBE) (tstamp 5D5588E8)
    (at 131.05 86.925 315)
    (descr "Capacitor SMD 0603 (1608 Metric), square (rectangular) end terminal, IPC_7351 nominal, (Body size source: http://www.tortai-tech.com/upload/download/2011102023233369053.pdf), generated with kicad-footprint-generator")
    (tags capacitor)
    (path /5D5A0442)
    (attr smd)
    (fp_text reference C11 (at -3.022881 0.053033 315) (layer B.SilkS)
      (effects (font (size 1 1) (thickness 0.15)) (justify mirror))
    )
    (fp_text value 100nF (at 3.800699 0.123744 315) (layer B.Fab)
      (effects (font (size 1 1) (thickness 0.15)) (justify mirror))
    )
    (fp_text user %R (at 0 0 315) (layer B.Fab)
      (effects (font (size 0.4 0.4) (thickness 0.06)) (justify mirror))
    )
    (fp_line (start 1.48 -0.73) (end -1.48 -0.73) (layer B.CrtYd) (width 0.05))
    (fp_line (start 1.48 0.73) (end 1.48 -0.73) (layer B.CrtYd) (width 0.05))
    (fp_line (start -1.48 0.73) (end 1.48 0.73) (layer B.CrtYd) (width 0.05))
    (fp_line (start -1.48 -0.73) (end -1.48 0.73) (layer B.CrtYd) (width 0.05))
    (fp_line (start -0.162779 -0.51) (end 0.162779 -0.51) (layer B.SilkS) (width 0.12))
    (fp_line (start -0.162779 0.51) (end 0.162779 0.51) (layer B.SilkS) (width 0.12))
    (fp_line (start 0.8 -0.4) (end -0.8 -0.4) (layer B.Fab) (width 0.1))
    (fp_line (start 0.8 0.4) (end 0.8 -0.4) (layer B.Fab) (width 0.1))
    (fp_line (start -0.8 0.4) (end 0.8 0.4) (layer B.Fab) (width 0.1))
    (fp_line (start -0.8 -0.4) (end -0.8 0.4) (layer B.Fab) (width 0.1))
    (pad 2 smd roundrect (at 0.7875 0 315) (size 0.875 0.95) (layers B.Cu B.Paste B.Mask) (roundrect_rratio 0.25)
      (net 54 GND))
    (pad 1 smd roundrect (at -0.7875 0 315) (size 0.875 0.95) (layers B.Cu B.Paste B.Mask) (roundrect_rratio 0.25)
      (net 73 VDDA))
    (model ${KISYS3DMOD}/Capacitor_SMD.3dshapes/C_0603_1608Metric.wrl
      (at (xyz 0 0 0))
      (scale (xyz 1 1 1))
      (rotate (xyz 0 0 0))
    )
  )

  (module Capacitor_SMD:C_0603_1608Metric (layer B.Cu) (tedit 5B301BBE) (tstamp 5D5588D7)
    (at 134.25 94.45 225)
    (descr "Capacitor SMD 0603 (1608 Metric), square (rectangular) end terminal, IPC_7351 nominal, (Body size source: http://www.tortai-tech.com/upload/download/2011102023233369053.pdf), generated with kicad-footprint-generator")
    (tags capacitor)
    (path /5D59F50D)
    (attr smd)
    (fp_text reference C10 (at 2.987526 -0.017678 225) (layer B.SilkS)
      (effects (font (size 1 1) (thickness 0.15)) (justify mirror))
    )
    (fp_text value 100nF (at 0 -1.43 45) (layer B.Fab)
      (effects (font (size 1 1) (thickness 0.15)) (justify mirror))
    )
    (fp_text user %R (at 0 0 45) (layer B.Fab)
      (effects (font (size 0.4 0.4) (thickness 0.06)) (justify mirror))
    )
    (fp_line (start 1.48 -0.73) (end -1.48 -0.73) (layer B.CrtYd) (width 0.05))
    (fp_line (start 1.48 0.73) (end 1.48 -0.73) (layer B.CrtYd) (width 0.05))
    (fp_line (start -1.48 0.73) (end 1.48 0.73) (layer B.CrtYd) (width 0.05))
    (fp_line (start -1.48 -0.73) (end -1.48 0.73) (layer B.CrtYd) (width 0.05))
    (fp_line (start -0.162779 -0.51) (end 0.162779 -0.51) (layer B.SilkS) (width 0.12))
    (fp_line (start -0.162779 0.51) (end 0.162779 0.51) (layer B.SilkS) (width 0.12))
    (fp_line (start 0.8 -0.4) (end -0.8 -0.4) (layer B.Fab) (width 0.1))
    (fp_line (start 0.8 0.4) (end 0.8 -0.4) (layer B.Fab) (width 0.1))
    (fp_line (start -0.8 0.4) (end 0.8 0.4) (layer B.Fab) (width 0.1))
    (fp_line (start -0.8 -0.4) (end -0.8 0.4) (layer B.Fab) (width 0.1))
    (pad 2 smd roundrect (at 0.7875 0 225) (size 0.875 0.95) (layers B.Cu B.Paste B.Mask) (roundrect_rratio 0.25)
      (net 54 GND))
    (pad 1 smd roundrect (at -0.7875 0 225) (size 0.875 0.95) (layers B.Cu B.Paste B.Mask) (roundrect_rratio 0.25)
      (net 72 VCC4))
    (model ${KISYS3DMOD}/Capacitor_SMD.3dshapes/C_0603_1608Metric.wrl
      (at (xyz 0 0 0))
      (scale (xyz 1 1 1))
      (rotate (xyz 0 0 0))
    )
  )

  (module Capacitor_SMD:C_0603_1608Metric (layer B.Cu) (tedit 5B301BBE) (tstamp 5D5588C6)
    (at 126.775 99.725 315)
    (descr "Capacitor SMD 0603 (1608 Metric), square (rectangular) end terminal, IPC_7351 nominal, (Body size source: http://www.tortai-tech.com/upload/download/2011102023233369053.pdf), generated with kicad-footprint-generator")
    (tags capacitor)
    (path /5D59E102)
    (attr smd)
    (fp_text reference C9 (at -2.474874 0.106066 315) (layer B.SilkS)
      (effects (font (size 1 1) (thickness 0.15)) (justify mirror))
    )
    (fp_text value 100nF (at 3.87141 0.123744 315) (layer B.Fab)
      (effects (font (size 1 1) (thickness 0.15)) (justify mirror))
    )
    (fp_text user %R (at 0 0 315) (layer B.Fab)
      (effects (font (size 0.4 0.4) (thickness 0.06)) (justify mirror))
    )
    (fp_line (start 1.48 -0.73) (end -1.48 -0.73) (layer B.CrtYd) (width 0.05))
    (fp_line (start 1.48 0.73) (end 1.48 -0.73) (layer B.CrtYd) (width 0.05))
    (fp_line (start -1.48 0.73) (end 1.48 0.73) (layer B.CrtYd) (width 0.05))
    (fp_line (start -1.48 -0.73) (end -1.48 0.73) (layer B.CrtYd) (width 0.05))
    (fp_line (start -0.162779 -0.51) (end 0.162779 -0.51) (layer B.SilkS) (width 0.12))
    (fp_line (start -0.162779 0.51) (end 0.162779 0.51) (layer B.SilkS) (width 0.12))
    (fp_line (start 0.8 -0.4) (end -0.8 -0.4) (layer B.Fab) (width 0.1))
    (fp_line (start 0.8 0.4) (end 0.8 -0.4) (layer B.Fab) (width 0.1))
    (fp_line (start -0.8 0.4) (end 0.8 0.4) (layer B.Fab) (width 0.1))
    (fp_line (start -0.8 -0.4) (end -0.8 0.4) (layer B.Fab) (width 0.1))
    (pad 2 smd roundrect (at 0.7875 0 315) (size 0.875 0.95) (layers B.Cu B.Paste B.Mask) (roundrect_rratio 0.25)
      (net 54 GND))
    (pad 1 smd roundrect (at -0.7875 0 315) (size 0.875 0.95) (layers B.Cu B.Paste B.Mask) (roundrect_rratio 0.25)
      (net 71 VCC3))
    (model ${KISYS3DMOD}/Capacitor_SMD.3dshapes/C_0603_1608Metric.wrl
      (at (xyz 0 0 0))
      (scale (xyz 1 1 1))
      (rotate (xyz 0 0 0))
    )
  )

  (module Capacitor_SMD:C_0603_1608Metric (layer B.Cu) (tedit 5B301BBE) (tstamp 5D5588B5)
    (at 120.375 91.225 225)
    (descr "Capacitor SMD 0603 (1608 Metric), square (rectangular) end terminal, IPC_7351 nominal, (Body size source: http://www.tortai-tech.com/upload/download/2011102023233369053.pdf), generated with kicad-footprint-generator")
    (tags capacitor)
    (path /5D5948B8)
    (attr smd)
    (fp_text reference C8 (at 2.527907 -0.053033 225) (layer B.SilkS)
      (effects (font (size 1 1) (thickness 0.15)) (justify mirror))
    )
    (fp_text value 100nF (at 0.176777 1.661701 225) (layer B.Fab)
      (effects (font (size 1 1) (thickness 0.15)) (justify mirror))
    )
    (fp_text user %R (at 0 0 225) (layer B.Fab)
      (effects (font (size 0.4 0.4) (thickness 0.06)) (justify mirror))
    )
    (fp_line (start 1.48 -0.73) (end -1.48 -0.73) (layer B.CrtYd) (width 0.05))
    (fp_line (start 1.48 0.73) (end 1.48 -0.73) (layer B.CrtYd) (width 0.05))
    (fp_line (start -1.48 0.73) (end 1.48 0.73) (layer B.CrtYd) (width 0.05))
    (fp_line (start -1.48 -0.73) (end -1.48 0.73) (layer B.CrtYd) (width 0.05))
    (fp_line (start -0.162779 -0.51) (end 0.162779 -0.51) (layer B.SilkS) (width 0.12))
    (fp_line (start -0.162779 0.51) (end 0.162779 0.51) (layer B.SilkS) (width 0.12))
    (fp_line (start 0.8 -0.4) (end -0.8 -0.4) (layer B.Fab) (width 0.1))
    (fp_line (start 0.8 0.4) (end 0.8 -0.4) (layer B.Fab) (width 0.1))
    (fp_line (start -0.8 0.4) (end 0.8 0.4) (layer B.Fab) (width 0.1))
    (fp_line (start -0.8 -0.4) (end -0.8 0.4) (layer B.Fab) (width 0.1))
    (pad 2 smd roundrect (at 0.7875 0 225) (size 0.875 0.95) (layers B.Cu B.Paste B.Mask) (roundrect_rratio 0.25)
      (net 54 GND))
    (pad 1 smd roundrect (at -0.7875 0 225) (size 0.875 0.95) (layers B.Cu B.Paste B.Mask) (roundrect_rratio 0.25)
      (net 70 VCC2))
    (model ${KISYS3DMOD}/Capacitor_SMD.3dshapes/C_0603_1608Metric.wrl
      (at (xyz 0 0 0))
      (scale (xyz 1 1 1))
      (rotate (xyz 0 0 0))
    )
  )

  (module Capacitor_SMD:C_0603_1608Metric (layer B.Cu) (tedit 5B301BBE) (tstamp 5D5588A4)
    (at 124.956847 86.568153 225)
    (descr "Capacitor SMD 0603 (1608 Metric), square (rectangular) end terminal, IPC_7351 nominal, (Body size source: http://www.tortai-tech.com/upload/download/2011102023233369053.pdf), generated with kicad-footprint-generator")
    (tags capacitor)
    (path /5D59357E)
    (attr smd)
    (fp_text reference C7 (at 2.616295 0 225) (layer B.SilkS)
      (effects (font (size 1 1) (thickness 0.15)) (justify mirror))
    )
    (fp_text value 100nF (at -0.106066 1.59099 225) (layer B.Fab)
      (effects (font (size 1 1) (thickness 0.15)) (justify mirror))
    )
    (fp_text user %R (at 0 0 225) (layer B.Fab)
      (effects (font (size 0.4 0.4) (thickness 0.06)) (justify mirror))
    )
    (fp_line (start 1.48 -0.73) (end -1.48 -0.73) (layer B.CrtYd) (width 0.05))
    (fp_line (start 1.48 0.73) (end 1.48 -0.73) (layer B.CrtYd) (width 0.05))
    (fp_line (start -1.48 0.73) (end 1.48 0.73) (layer B.CrtYd) (width 0.05))
